MEMORY
  total           14754 KB
  struct            159 KB
  buffer            258 KB
  arena           14336 KB, used 0.3%

SIZES
  narena                14680064
  nbuffer               264576
  nplugin               0
  maxuse_stack          5704
  maxuse_arena          41736
  maxuse_con            12
  maxuse_efc            50
  ncon                  8
  ne                    0
  nf                    0
  nl                    2
  nefc                  34
  nJ                    476
  nA                    0
  nisland               2
  nidof                 14
  ntree_awake           2
  nbody_awake           12
  nparent_awake         11
  nv_awake              14
  threadpool            0

TIMER
    0:  duration =  0.04       number = 1
    1:  duration =  0.038      number = 1
    2:  duration =  0          number = 0
    3:  duration =  0.029      number = 1
    4:  duration =  0.0017     number = 1
    5:  duration =  0.00029    number = 1
    6:  duration =  0.0058     number = 1
    7:  duration =  0.0013     number = 1
    8:  duration =  0.0062     number = 1
    9:  duration =  0.0015     number = 1
    10:  duration =  0.016      number = 1
    11:  duration =  0.0053     number = 1
    12:  duration =  0.00012    number = 1
    13:  duration =  0.0024     number = 1
    14:  duration =  0.0039     number = 1

SOLVER STAT
  solver_fwdinv =   0         0       
  ISLAND 0
    solver_niter = 1
    solver_nnz = 64
      0:  improvement =  0.016       gradient =  2e-16       lineslope =  0       
          nactive = 18   nchange = 0   neval = 2   nupdate = 0

  ISLAND 1
    solver_niter = 1
    solver_nnz = 36
      0:  improvement =  0           gradient =  1.5e-15     lineslope =  0       
          nactive = 16   nchange = 0   neval = 2   nupdate = 0

ENERGY =   0         0       

TIME =  20      

QPOS
  -1.9     
  -1.6     
   1.6     
  -1.6     
  -2       
   3.5e-06 
  -0.003   
  -0.0027  
   0.35    
   0.049   
   0.03    
  -0.71    
   0.049   
  -0.71    
  -0.049   

QVEL
   0.051   
  -2.6e-05 
  -2.7e-05 
  -2.1e-05 
   0.32    
   5.2e-07 
  -0.003   
   0.0028  
  -1.1e-15 
  -1.5e-16 
   4.2e-16 
   4.5e-17 
  -3.6e-14 
  -1.1e-18 

QACC_WARMSTART
   0.45    
   0.019   
  -0.067   
  -0.028   
   5.4     
   0.003   
  -0.059   
   0.064   
   7e-19   
  -4.1e-17 
   3e-15   
  -4.7e-15 
   3.6e-15 
  -3.5e-15 

CTRL
  -1.8     
  -1.6     
   1.6     
  -1.6     
  -1.9     
   0       
   0       
   0       

QFRC_APPLIED
   0       
   0       
   0       
   0       
   0       
   0       
   0       
   0       
   0       
   0       
   0       
   0       
   0       
   0       

XFRC_APPLIED
   0         0         0         0         0         0       
   0         0         0         0         0         0       
   0         0         0         0         0         0       
   0         0         0         0         0         0       
   0         0         0         0         0         0       
   0         0         0         0         0         0       
   0         0         0         0         0         0       
   0         0         0         0         0         0       
   0         0         0         0         0         0       
   0         0         0         0         0         0       
   0         0         0         0         0         0       
   0         0         0         0         0         0       

QACC
   0.45    
   0.019   
  -0.067   
  -0.028   
   5.4     
   0.003   
  -0.059   
   0.064   
   7e-19   
  -4.1e-17 
   3e-15   
  -4.7e-15 
   3.6e-15 
  -3.5e-15 

TREE_ASLEEP
  -11
  -11

XPOS
   0         0         0       
   0         0         0       
   0         0         0.089   
  -0.13      0.039     0.089   
  -0.007     0.0011    0.51    
   0.11      0.38      0.51    
  -0.017     0.41      0.51    
   0.012     0.51      0.51    
   0.045     0.5       0.44    
   0.023     0.5       0.38    
   0.098     0.48      0.42    
   0.35      0.049     0.03    

XQUAT
   1         0         0         0       
   0         0         0        -1       
  -0.8       0         0        -0.6     
  -0.8      -0.00063   0.00085  -0.6     
  -0.57      0.42     -0.57     -0.42    
  -0.57      0.42     -0.57     -0.42    
  -0.66      0.71      0.051     0.25    
  -0.66      0.71      0.051     0.25    
  -0.034    -0.97      0.14     -0.21    
  -0.034    -0.97      0.14     -0.21    
  -0.034    -0.97      0.14     -0.21    
  -0.71      0.049    -0.71     -0.049   

XMAT
   1         0         0         0         1         0         0         0         1       
  -1         0         0         0        -1        -0        -0         0         1       
   0.29     -0.96     -0         0.96      0.29      0         0        -0         1       
   0.29     -0.96     -0.00061   0.96      0.29     -0.002     0.0021    3.1e-17   1       
  -0.0013   -0.96      0.29     -0.0043    0.29      0.96     -1        -5.6e-17  -0.0045  
  -0.0016   -0.96      0.29     -0.0055    0.29      0.96     -1         5.6e-17  -0.0057  
   0.87      0.4       0.29     -0.26     -0.12      0.96      0.42     -0.91     -0.0057  
   0.87      0.4       0.29     -0.26     -0.12      0.96      0.42     -0.91     -0.0057  
   0.87     -0.29      0.4      -0.26     -0.96     -0.12      0.42      0.0057   -0.91    
   0.87     -0.29      0.4      -0.26     -0.96     -0.12      0.42      0.0057   -0.91    
   0.87     -0.29      0.4      -0.26     -0.96     -0.12      0.42      0.0057   -0.91    
  -1.6e-15  -0.14      0.99     -1.9e-16   0.99      0.14     -1         1.4e-17  -1.6e-15 

XIPOS
   0         0         0       
   0         0         0       
   0.0018   -0.00055   0.064   
  -0.19     -0.16      0.2     
   0.00092   0.028     0.76    
   0.12      0.37      0.51    
  -0.011     0.41      0.5     
   0.012     0.51      0.51    
   0.045     0.5       0.44    
   0.023     0.5       0.38    
   0.098     0.48      0.42    
   0.35      0.049     0.03    

XIMAT
   1         0         0         0         1         0         0         0         1       
  -1         0         0         0        -1        -0        -0         0         1       
   0.29     -0.96     -0         0.96      0.29      0         0        -0         1       
   0.29     -0.96     -0.00061   0.96      0.29     -0.002     0.0021    3.1e-17   1       
  -0.0013   -0.96      0.29     -0.0043    0.29      0.96     -1        -5.6e-17  -0.0045  
  -0.0016   -0.96      0.29     -0.0055    0.29      0.96     -1         5.6e-17  -0.0057  
   0.87      0.4       0.29     -0.26     -0.12      0.96      0.42     -0.91     -0.0057  
   0.87      0.4       0.29     -0.26     -0.12      0.96      0.42     -0.91     -0.0057  
   0.87     -0.29      0.4      -0.26     -0.96     -0.12      0.42      0.0057   -0.91    
   0.87     -0.29      0.4      -0.26     -0.96     -0.12      0.42      0.0057   -0.91    
   0.87     -0.29      0.4      -0.26     -0.96     -0.12      0.42      0.0057   -0.91    
  -1.6e-15  -0.14      0.99     -1.9e-16   0.99      0.14     -1         1.4e-17  -1.6e-15 

XANCHOR
   0         0         0.089   
  -0.13      0.039     0.089   
  -0.007     0.0011    0.51    
   0.11      0.38      0.51    
  -0.017     0.41      0.51    
   0.012     0.51      0.51    
   0.026     0.5       0.38    
   0.096     0.48      0.42    
   0.35      0.049     0.03    

XAXIS
   0         0         1       
  -0.96      0.29      0       
  -0.96      0.29      3.1e-17 
  -0.96      0.29     -1.6e-17 
   0.29      0.96     -0.0057  
   0.4      -0.12     -0.91    
   0.87     -0.26      0.42    
  -0.87      0.26     -0.42    
   0         0         1       

GEOM_XPOS
   0         0         0       
  -6.7e-07   3.7e-07   0.094   
  -1.5e-07  -5e-07     0.031   
   0.0081   -0.0023    0.14    
  -0.066     0.02      0.089   
  -0.00055   0.00011   0.07    
   0         0         0.049   
  -0.13      0.039     0.3     
  -0.11      0.032     0.39    
  -0.11      0.033     0.3     
  -0.18      0.052     0.3     
  -0.094     0.028     0.089   
  -0.13      0.039     0.29    
   0.14      0.37      0.51    
   0.052     0.2       0.51    
   0.05      0.25      0.51    
   0.028     0.16      0.51    
  -0.084     0.024     0.51    
   0.05      0.19      0.51    
  -0.002     0.46      0.51    
  -0.031     0.38      0.51    
   0.00038   0.42      0.51    
   0.057     0.39      0.51    
   0.031     0.5       0.47    
  -0.0031    0.52      0.55    
   0.017     0.5       0.5     
  -0.0052    0.45      0.51    
   0.02      0.51      0.49    
   0.043     0.5       0.44    
   0.044     0.5       0.44    
   0.045     0.5       0.44    
   0.023     0.5       0.38    
   0.098     0.48      0.42    
   0.35      0.049     0.03    

GEOM_XMAT
   1         0         0         0         1         0         0         0         1       
   1.1e-05   1         0         0         0         1         1        -1.1e-05   0       
  -9.9e-06  -0.61     -0.79      1.9e-05   0.79     -0.61      1        -2.1e-05   3.6e-06 
   0.31     -0.43      0.85     -0.091    -0.9      -0.42      0.95      0.055    -0.32    
  -0.96     -0.28      0.048     0.29     -0.94      0.16      1.6e-05   0.17      0.99    
  -0.71     -0.63      0.32      0.21      0.24      0.95     -0.68      0.74     -0.04    
   0.29     -0.96     -0         0.96      0.29      0         0        -0         1       
   0.6      -0.8      -0.00087   0.8       0.6      -0.0018    0.002     0.00041   1       
   0.29     -0.94      0.17      0.96      0.28     -0.052     0.002     0.18      0.98    
  -0.96     -0.28      0.0084    0.28     -0.96     -0.0047    0.0094   -0.0022    1       
  -0.96     -0.29     -0.00029   0.29     -0.96     -0.0021    0.00033  -0.0021    1       
   0.29     -0.00061   0.96      0.96     -0.002    -0.29      0.0021    1        -8.3e-17 
   0.29     -0.96     -0.00061   0.96      0.29     -0.002     0.0021    3.1e-17   1       
  -1        -0.0016   -0.021    -0.021     0.15      0.99      0.0016    0.99     -0.15    
  -0.93     -0.22      0.29      0.28      0.072     0.96     -0.24      0.97     -0.0047  
  -0.0062   -0.99      0.14     -0.0035    0.14      0.99     -1         0.0056   -0.0044  
  -0.96      0.002     0.27      0.27      0.0041    0.96      0.00086   1        -0.0045  
  -0.0013    0.29      0.96     -0.0043    0.96     -0.29     -1        -0.0045    6.2e-17 
  -0.0013   -0.96      0.29     -0.0043    0.29      0.96     -1        -5.6e-17  -0.0045  
   0.29      0.88     -0.38      0.96     -0.27      0.11     -0.0058   -0.39     -0.92    
   0.56      0.065     0.82      0.83     -0.038    -0.56     -0.0059    1        -0.075   
   0.74      0.0012    0.67      0.67      0.0048   -0.74     -0.0041    1         0.0028  
  -0.0016    0.29      0.96     -0.0055    0.96     -0.29     -1        -0.0057   -9.9e-17 
   0.4      -0.81      0.43     -0.12      0.42      0.9      -0.91     -0.41      0.068   
   0.29     -0.82      0.49     -0.41      0.35      0.84     -0.86     -0.45     -0.23    
  -0.073    -0.87     -0.49      0.78      0.26     -0.58      0.63     -0.42      0.66    
   0.87      0.4       0.29     -0.26     -0.12      0.96      0.42     -0.91     -0.0057  
   0.87      0.29     -0.4      -0.26      0.96      0.12      0.42     -0.0057    0.91    
   0.4      -0.78      0.48     -0.13      0.47      0.88     -0.91     -0.41      0.084   
   0.87      0.29     -0.4      -0.26      0.96      0.12      0.42     -0.0057    0.91    
   0.87     -0.29      0.4      -0.26     -0.96     -0.12      0.42      0.0057   -0.91    
   0.87     -0.29      0.4      -0.26     -0.96     -0.12      0.42      0.0057   -0.91    
   0.87     -0.29      0.4      -0.26     -0.96     -0.12      0.42      0.0057   -0.91    
  -1.6e-15  -0.14      0.99     -1.9e-16   0.99      0.14     -1         1.4e-17  -1.6e-15 

SITE_XPOS
   0.052     0.5       0.42    

SITE_XMAT
   0.87     -0.29      0.4      -0.26     -0.96     -0.12      0.42      0.0057   -0.91    

CAM_XPOS
   0         0         2.5     
   1.5       0         1       
   0.058     0.52      0.42    

CAM_XMAT
   1         0         0         0         1         0         0         0         1       
   0         0         1         1         0         0         0         1         0       
   0.87      0.29     -0.4      -0.26      0.96      0.12      0.42     -0.0057    0.91    

LIGHT_XPOS
   0        -1         2       
   0         0         3       

LIGHT_XDIR
   0.0037    0.69     -0.73    
   0         0        -1       

SUBTREE_COM
  -0.065    -0.00087   0.24    
  -0.067    -0.0011    0.24    
  -0.083    -0.0014    0.3     
  -0.11     -0.0016    0.36    
   0.03      0.25      0.6     
   0.052     0.41      0.49    
   0.0078    0.44      0.48    
   0.04      0.5       0.45    
   0.051     0.5       0.42    
   0.023     0.5       0.38    
   0.098     0.48      0.42    
   0.35      0.049     0.03    

CDOF
   0         0         1         0.0011   -0.067     0       
  -0.96      0.29      0         0.044     0.15      0.02    
  -0.96      0.29      3.1e-17  -0.078    -0.26      0.019   
  -0.96      0.29     -1.6e-17  -0.077    -0.26      0.41    
   0.29      0.96     -0.0057   -0.26      0.077    -0.07    
   0.4      -0.12     -0.91     -0.43      0.18     -0.21    
   0         0         0         0.87     -0.26      0.42    
   0         0         0        -0.87      0.26     -0.42    
   0         0         0         1         0         0       
   0         0         0         0         1         0       
   0         0         0         0         0         1       
  -1.6e-15  -1.9e-16  -1         0         0         0       
  -0.14      0.99      1.4e-17   0         0        -0       
   0.99      0.14     -1.6e-15   0        -0         0       

CINERT
   0         0         0         0         0         0         0         0         0         0       
   0.24      0.26      0.025    -0.0003    0.065     0.0011    0.27      0.0044   -0.97      4       
   0.13      0.15      0.028    -0.00014   0.046     0.00037   0.26      0.002    -0.66      3.7     
   0.37      0.28      0.37     -0.17     -0.043    -0.056    -1.1      -1.4      -0.34      8.4     
   0.65      0.63      0.044    -0.012    -0.082    -0.034     0.16      0.067     1.2       2.3     
   0.26      0.13      0.21     -0.085    -0.062    -0.12      0.23      0.45      0.33      1.2     
   0.29      0.085     0.21     -0.028    -0.018    -0.13      0.069     0.5       0.31      1.2     
   0.062     0.015     0.05     -0.0075   -0.004    -0.026     0.015     0.096     0.051     0.19    
   0.087     0.016     0.08     -0.017    -0.0065   -0.029     0.034     0.15      0.058     0.3     
   0.029     0.0038    0.027    -0.0046   -0.0013   -0.0071    0.0091    0.051     0.014     0.1     
   0.027     0.0068    0.027    -0.008    -0.0029   -0.0085    0.017     0.048     0.018     0.1     
   0.0001    0.0001    0.0001    1.7e-21   8.6e-22  -6.7e-22   0         0         0         0.1     

ACTUATOR_LENGTH
  -1.9     
  -1.6     
   1.6     
  -1.6     
  -2       
   3.5e-06 
  -0.003   
  -0.0027  

actuator_moment
----------------
 x              |
  x             |
   x            |
    x           |
     x          |
      x         |
       x        |
        x       |
----------------

ACTUATOR_MOMENT
     0:  1       
     1:  1       
     2:  1       
     3:  1       
     4:  1       
     5:  1       
     6:  1       
     7:  1       

CRB
   0         0         0         0         0         0         0         0         0         0       
   2.1       1.6       1.1      -0.33     -0.11     -0.41      5e-16     1.3e-16  -6.7e-16   22      
   1.9       1.3       1.1      -0.33     -0.17     -0.41     -0.27     -0.0044    0.97      18      
   1.8       1.2       1        -0.33     -0.22     -0.41     -0.52     -0.0064    1.6       14      
   1.4       0.89      0.65     -0.16     -0.18     -0.35      0.53      1.4       2         5.5     
   0.75      0.26      0.61     -0.15     -0.094    -0.32      0.37      1.3       0.78      3.1     
   0.49      0.13      0.4      -0.065    -0.032    -0.2       0.14      0.84      0.45      1.9     
   0.21      0.042     0.18     -0.037    -0.015    -0.07      0.074     0.34      0.14      0.69    
   0.14      0.027     0.13     -0.029    -0.011    -0.045     0.059     0.25      0.09      0.5     
   0.029     0.0038    0.027    -0.0046   -0.0013   -0.0071    0.0091    0.051     0.014     0.1     
   0.027     0.0068    0.027    -0.008    -0.0029   -0.0085    0.017     0.048     0.018     0.1     
   0.0001    0.0001    0.0001    1.7e-21   8.6e-22  -6.7e-22   0         0         0         0.1     

QM
   1.3     
  -0.23      2.8     
   0.003     0.93      0.82    
   0.0066    0.017     0.043     0.12    
   0.029     0.013     0.013     0.002     0.11    
  -0.003    -0.0014   -0.0014   -0.0014   -1.3e-11   0.1     
  -0.045    -0.02     -0.021    -0.0042   -0.012    -5.2e-18   0.2     
   0.045     0.02      0.021     0.0042    0.012     5.2e-18             0.2     
                                                                                   0.1     
                                                                                   0         0.1     
                                                                                   0         0         0.1     
                                                                                   0         0         0         0.0001  
                                                                                   0         0         0         0         0.0001  
                                                                                   0         0         0         0         0         0.0001  

M
     0:  1.3     
     0: -0.23       1:  2.8     
     0:  0.003      1:  0.93       2:  0.82    
     0:  0.0066     1:  0.017      2:  0.043      3:  0.12    
     0:  0.029      1:  0.013      2:  0.013      3:  0.002      4:  0.11    
     0: -0.003      1: -0.0014     2: -0.0014     3: -0.0014     4: -1.3e-11    5:  0.1     
     0: -0.045      1: -0.02       2: -0.021      3: -0.0042     4: -0.012      5: -5.2e-18    6:  0.2     
     0:  0.045      1:  0.02       2:  0.021      3:  0.0042     4:  0.012      5:  5.2e-18    7:  0.2     
     8:  0.1     
     9:  0.1     
    10:  0.1     
    11:  0.0001  
    12:  0.0001  
    13:  0.0001  

QLD
     0:  1.2     
     0: -0.13       1:  1.8     
     0: -0.013      1:  1.1        2:  0.8     
     0:  0.037      1:  0.13       2:  0.36       3:  0.12    
     0:  0.21       1:  0.098      2:  0.099      3:  0.014      4:  0.11    
     0: -0.029      1: -0.013      2: -0.014      3: -0.014      4: -1.2e-10    5:  0.1     
     0: -0.22       1: -0.1        2: -0.1        3: -0.021      4: -0.061      5: -2.6e-17    6:  0.2     
     0:  0.22       1:  0.1        2:  0.1        3:  0.021      4:  0.061      5:  2.6e-17    7:  0.2     
     8:  0.1     
     9:  0.1     
    10:  0.1     
    11:  0.0001  
    12:  0.0001  
    13:  0.0001  

QLDIAGINV
   0.82    
   0.56    
   1.3     
   8.5     
   9.1     
   9.7     
   5       
   5       
   10      
   10      
   10      
   1e+04   
   1e+04   
   1e+04   

M: inertia structure
----------------
 x              |
 xx             |
 xxx            |
 xxxx           |
 xxxxx          |
 xxxxxx         |
 xxxxxxx        |
 xxxxxx x       |
         x      |
          x     |
           x    |
            x   |
             x  |
              x |
----------------

iM: block-diagonal inertia (nnzs are island ids)
----------------
 0              |
 00             |
 000            |
 0000           |
 00000          |
 000000         |
 0000000        |
 000000 0       |
         1      |
          1     |
           1    |
            1   |
             1  |
              1 |
----------------

QH
     0:  2       
     0: -0.074      1:  3.1     
     0: -0.0035     1:  0.57       2:  1.6     
     0:  0.015      1:  0.048      2:  0.13       3:  0.33    
     0:  0.077      1:  0.036      2:  0.036      3:  0.0052     4:  0.32    
     0: -0.0097     1: -0.0044     2: -0.0045     3: -0.0046     4: -4e-11      5:  0.31    
     0: -0.17       1: -0.079      2: -0.079      3: -0.016      4: -0.047      5: -2e-17      6:  0.26    
     0:  0.17       1:  0.079      2:  0.079      3:  0.016      4:  0.047      5:  2e-17      7:  0.26    
     8:  0.1     
     9:  0.1     
    10:  0.1     
    11:  0.0001  
    12:  0.0001  
    13:  0.0001  

QHDIAGINV
   0.49    
   0.32    
   0.62    
   3       
   3.1     
   3.2     
   3.8     
   3.8     
   10      
   10      
   10      
   1e+04   
   1e+04   
   1e+04   

TREE_AWAKE
  1 1

BODY_AWAKE
  -1 -1 1 1 1 1 1 1 1 1 1 1

BODY_AWAKE_IND
  0 1 2 3 4 5 6 7 8 9 10 11

PARENT_AWAKE_IND
  1 2 3 4 5 6 7 8 9 10 11

DOF_AWAKE_IND
  0 1 2 3 4 5 6 7 8 9 10 11 12 13

QDERIV
     0: -4e+02      1:  0          2:  0          3:  0          4:  0          5:  0          6:  0          7:  0       
     0:  0          1: -4e+02      2:  0          3:  0          4:  0          5:  0          6:  0          7:  0       
     0:  0          1:  0          2: -4e+02      3:  0          4:  0          5:  0          6:  0          7:  0       
     0:  0          1:  0          2:  0          3: -1e+02      4:  0          5:  0          6:  0          7:  0       
     0:  0          1:  0          2:  0          3:  0          4: -1e+02      5:  0          6:  0          7:  0       
     0:  0          1:  0          2:  0          3:  0          4:  0          5: -1e+02      6:  0          7:  0       
     0:  0          1:  0          2:  0          3:  0          4:  0          5:  0          6: -30      
     0:  0          1:  0          2:  0          3:  0          4:  0          5:  0          7: -30      
     8:  0          9:  0         10:  0         11:  0         12:  0         13:  0       
     8:  0          9:  0         10:  0         11:  0         12:  0         13:  0       
     8:  0          9:  0         10:  0         11:  0         12:  0         13:  0       
     8:  0          9:  0         10:  0         11:  0         12:  0         13:  0       
     8:  0          9:  0         10:  0         11:  0         12:  0         13:  0       
     8:  0          9:  0         10:  0         11:  0         12:  0         13:  0       

CONTACT
  0:
     dim           3
     geoms         floor : 6
     exclude       0
     efc_address   2
     solref         0.02      1       
     solimp         0.9       0.95      0.001     0.5       2       
     dist          -0.071   
     includemargin  0       
     pos            0         0        -0.035   
     frame          0         0         1         1         0         0         0         1         0       
     friction       1         1         0.005     0.0001    0.0001  
     mu             1       
     force          8.9e+09   0         0         0         0         0       
  1:
     dim           3
     geoms         floor : cube
     exclude       0
     efc_address   6
     solref         0.02      1       
     solimp         0.9       0.95      0.001     0.5       2       
     dist          -0.00011 
     includemargin  0       
     pos            0.33      0.015    -5.4e-05 
     frame          0         0         1         0         1         0        -1         0         0       
     friction       1         1         0.005     0.0001    0.0001  
     mu             1       
     force          0.25     -1.4e-17  -1.4e-17   0         0         0       
  2:
     dim           3
     geoms         floor : cube
     exclude       0
     efc_address   10
     solref         0.02      1       
     solimp         0.9       0.95      0.001     0.5       2       
     dist          -0.00011 
     includemargin  0       
     pos            0.32      0.074    -5.4e-05 
     frame          0         0         1         0         1         0        -1         0         0       
     friction       1         1         0.005     0.0001    0.0001  
     mu             1       
     force          0.25     -6.9e-18   0         0         0         0       
  3:
     dim           3
     geoms         floor : cube
     exclude       0
     efc_address   14
     solref         0.02      1       
     solimp         0.9       0.95      0.001     0.5       2       
     dist          -0.00011 
     includemargin  0       
     pos            0.39      0.023    -5.4e-05 
     frame          0         0         1         0         1         0        -1         0         0       
     friction       1         1         0.005     0.0001    0.0001  
     mu             1       
     force          0.25      0         1.4e-17   0         0         0       
  4:
     dim           3
     geoms         floor : cube
     exclude       0
     efc_address   18
     solref         0.02      1       
     solimp         0.9       0.95      0.001     0.5       2       
     dist          -0.00011 
     includemargin  0       
     pos            0.38      0.082    -5.4e-05 
     frame          0         0         1         0         1         0        -1         0         0       
     friction       1         1         0.005     0.0001    0.0001  
     mu             1       
     force          0.25      0         0         0         0         0       
  5:
     dim           3
     geoms         27 : 31
     exclude       0
     efc_address   22
     solref         0.02      1       
     solimp         0.9       0.95      0.001     0.5       2       
     dist          -0.0009  
     includemargin  0       
     pos            0.011     0.51      0.42    
     frame         -0.55      0.16     -0.82      0.088     0.99      0.13      0.83      0        -0.56    
     friction       1         1         0.05      0.001     0.001   
     mu             1       
     force          19       -0.18      0.74      0         0         0       
  6:
     dim           3
     geoms         27 : 31
     exclude       0
     efc_address   26
     solref         0.02      1       
     solimp         0.9       0.95      0.001     0.5       2       
     dist          -0.0009  
     includemargin  0       
     pos            0.011     0.51      0.42    
     frame         -0.55      0.16     -0.82      0.088     0.99      0.13      0.83      0        -0.56    
     friction       1         1         0.05      0.001     0.001   
     mu             1       
     force          19       -0.18      0.74      0         0         0       
  7:
     dim           3
     geoms         27 : 32
     exclude       0
     efc_address   30
     solref         0.02      1       
     solimp         0.9       0.95      0.001     0.5       2       
     dist          -0.0012  
     includemargin  0       
     pos            0.078     0.49      0.45    
     frame          0.95     -0.28     -0.1       0.28      0.96     -0.03      0.11      3.5e-18   0.99    
     friction       1         1         0.05      0.001     0.001   
     mu             1       
     force          32       -0.018     0.74      0         0         0       

EFC_TYPE
  3
  3
  6
  6
  6
  6
  6
  6
  6
  6
  6
  6
  6
  6
  6
  6
  6
  6
  6
  6
  6
  6
  6
  6
  6
  6
  6
  6
  6
  6
  6
  6
  6
  6

EFC_ID
  6
  7
  0
  0
  0
  0
  1
  1
  1
  1
  2
  2
  2
  2
  3
  3
  3
  3
  4
  4
  4
  4
  5
  5
  5
  5
  6
  6
  6
  6
  7
  7
  7
  7

EFC_J
   0         0         0         0         0         0         1         0         0         0         0         0         0         0       
   0         0         0         0         0         0         0         1         0         0         0         0         0         0       
   0         0         0         0         0         0         0         0         0         0         0         0         0         0       
   0         0         0         0         0         0         0         0         0         0         0         0         0         0       
   0         0         0         0         0         0         0         0         0         0         0         0         0         0       
   0         0         0         0         0         0         0         0         0         0         0         0         0         0       
   0         0         0         0         0         0         0         0         0         1         1         0.026     0.026    -0.00034 
   0         0         0         0         0         0         0         0         0        -1         1        -0.026     0.034    -0.06    
   0         0         0         0         0         0         0         0        -1         0         1         0.034     0.06     -0.026   
   0         0         0         0         0         0         0         0         1         0         1        -0.034     0.00034  -0.034   
   0         0         0         0         0         0         0         0         0         1         1         0.034     0.026     0.06    
   0         0         0         0         0         0         0         0         0        -1         1        -0.034     0.034     0.00034 
   0         0         0         0         0         0         0         0        -1         0         1        -0.026     0.06      0.034   
   0         0         0         0         0         0         0         0         1         0         1         0.026     0.00034   0.026   
   0         0         0         0         0         0         0         0         0         1         1        -0.034    -0.034    -0.00034 
   0         0         0         0         0         0         0         0         0        -1         1         0.034    -0.026    -0.06    
   0         0         0         0         0         0         0         0        -1         0         1         0.026    -0.00034  -0.026   
   0         0         0         0         0         0         0         0         1         0         1        -0.026    -0.06     -0.034   
   0         0         0         0         0         0         0         0         0         1         1        -0.026    -0.034     0.06    
   0         0         0         0         0         0         0         0         0        -1         1         0.026    -0.026     0.00034 
   0         0         0         0         0         0         0         0        -1         0         1        -0.034    -0.00034   0.034   
   0         0         0         0         0         0         0         0         1         0         1         0.034    -0.06      0.026   
   0         0         0         0         0         0.037    -0.98      0         0         0         0         0         0         0       
   0         0         0         0         0        -0.037    -0.74      0         0         0         0         0         0         0       
   0         0         0         0         0         0.0093   -0.37      0         0         0         0         0         0         0       
   0         0         0         0         0        -0.0093   -1.4       0         0         0         0         0         0         0       
   0         0         0         0         0         0.037    -0.98      0         0         0         0         0         0         0       
   0         0         0         0         0        -0.037    -0.74      0         0         0         0         0         0         0       
   0         0         0         0         0         0.0093   -0.37      0         0         0         0         0         0         0       
   0         0         0         0         0        -0.0093   -1.4       0         0         0         0         0         0         0       
   0         0         0         0         0        -0.038     0        -0.85      0         0         0         0         0         0       
   0         0         0         0         0         0.038     0        -0.87      0         0         0         0         0         0       
   0         0         0         0         0        -0.00093   0        -1.4       0         0         0         0         0         0       
   0         0         0         0         0         0.00093   0        -0.35      0         0         0         0         0         0       

IEFC_J
   0         0         0         0         0         0         1         0       ......... ......... ......... ......... ......... ......... 
   0         0         0         0         0         0         0         1       ......... ......... ......... ......... ......... ......... 
   0         0         0         0         0         0         0         0       ......... ......... ......... ......... ......... ......... 
   0         0         0         0         0         0         0         0       ......... ......... ......... ......... ......... ......... 
   0         0         0         0         0         0         0         0       ......... ......... ......... ......... ......... ......... 
   0         0         0         0         0         0         0         0       ......... ......... ......... ......... ......... ......... 
   0         0         0         0         0         0.037    -0.98      0       ......... ......... ......... ......... ......... ......... 
   0         0         0         0         0        -0.037    -0.74      0       ......... ......... ......... ......... ......... ......... 
   0         0         0         0         0         0.0093   -0.37      0       ......... ......... ......... ......... ......... ......... 
   0         0         0         0         0        -0.0093   -1.4       0       ......... ......... ......... ......... ......... ......... 
   0         0         0         0         0         0.037    -0.98      0       ......... ......... ......... ......... ......... ......... 
   0         0         0         0         0        -0.037    -0.74      0       ......... ......... ......... ......... ......... ......... 
   0         0         0         0         0         0.0093   -0.37      0       ......... ......... ......... ......... ......... ......... 
   0         0         0         0         0        -0.0093   -1.4       0       ......... ......... ......... ......... ......... ......... 
   0         0         0         0         0        -0.038     0        -0.85    ......... ......... ......... ......... ......... ......... 
   0         0         0         0         0         0.038     0        -0.87    ......... ......... ......... ......... ......... ......... 
   0         0         0         0         0        -0.00093   0        -1.4     ......... ......... ......... ......... ......... ......... 
   0         0         0         0         0         0.00093   0        -0.35    ......... ......... ......... ......... ......... ......... 
 ......... ......... ......... ......... ......... ......... ......... .........   0         1         1         0.026     0.026    -0.00034 
 ......... ......... ......... ......... ......... ......... ......... .........   0        -1         1        -0.026     0.034    -0.06    
 ......... ......... ......... ......... ......... ......... ......... .........  -1         0         1         0.034     0.06     -0.026   
 ......... ......... ......... ......... ......... ......... ......... .........   1         0         1        -0.034     0.00034  -0.034   
 ......... ......... ......... ......... ......... ......... ......... .........   0         1         1         0.034     0.026     0.06    
 ......... ......... ......... ......... ......... ......... ......... .........   0        -1         1        -0.034     0.034     0.00034 
 ......... ......... ......... ......... ......... ......... ......... .........  -1         0         1        -0.026     0.06      0.034   
 ......... ......... ......... ......... ......... ......... ......... .........   1         0         1         0.026     0.00034   0.026   
 ......... ......... ......... ......... ......... ......... ......... .........   0         1         1        -0.034    -0.034    -0.00034 
 ......... ......... ......... ......... ......... ......... ......... .........   0        -1         1         0.034    -0.026    -0.06    
 ......... ......... ......... ......... ......... ......... ......... .........  -1         0         1         0.026    -0.00034  -0.026   
 ......... ......... ......... ......... ......... ......... ......... .........   1         0         1        -0.026    -0.06     -0.034   
 ......... ......... ......... ......... ......... ......... ......... .........   0         1         1        -0.026    -0.034     0.06    
 ......... ......... ......... ......... ......... ......... ......... .........   0        -1         1         0.026    -0.026     0.00034 
 ......... ......... ......... ......... ......... ......... ......... .........  -1         0         1        -0.034    -0.00034   0.034   
 ......... ......... ......... ......... ......... ......... ......... .........   1         0         1         0.034    -0.06      0.026   

EFC_POS
  -0.003   
  -0.0027  
  -0.071   
  -0.071   
  -0.071   
  -0.071   
  -0.00011 
  -0.00011 
  -0.00011 
  -0.00011 
  -0.00011 
  -0.00011 
  -0.00011 
  -0.00011 
  -0.00011 
  -0.00011 
  -0.00011 
  -0.00011 
  -0.00011 
  -0.00011 
  -0.00011 
  -0.00011 
  -0.0009  
  -0.0009  
  -0.0009  
  -0.0009  
  -0.0009  
  -0.0009  
  -0.0009  
  -0.0009  
  -0.0012  
  -0.0012  
  -0.0012  
  -0.0012  

EFC_MARGIN
   0       
   0       
   0       
   0       
   0       
   0       
   0       
   0       
   0       
   0       
   0       
   0       
   0       
   0       
   0       
   0       
   0       
   0       
   0       
   0       
   0       
   0       
   0       
   0       
   0       
   0       
   0       
   0       
   0       
   0       
   0       
   0       
   0       
   0       

EFC_FRICTIONLOSS
   0       
   0       
   0       
   0       
   0       
   0       
   0       
   0       
   0       
   0       
   0       
   0       
   0       
   0       
   0       
   0       
   0       
   0       
   0       
   0       
   0       
   0       
   0       
   0       
   0       
   0       
   0       
   0       
   0       
   0       
   0       
   0       
   0       
   0       

EFC_DIAGAPPROX
   5.1     
   5.1     
   1.6e-06 
   1.6e-06 
   1.6e-06 
   1.6e-06 
   40      
   40      
   40      
   40      
   40      
   40      
   40      
   40      
   40      
   40      
   40      
   40      
   40      
   40      
   40      
   40      
   8.1     
   8.1     
   8.1     
   8.1     
   8.1     
   8.1     
   8.1     
   8.1     
   7.9     
   7.9     
   7.9     
   7.9     

EFC_KBIP
   2.8e+03   1.1e+02   0.95      0       
   2.8e+03   1.1e+02   0.95      0       
   2.8e+03   1.1e+02   0.95      0       
   2.8e+03   1.1e+02   0.95      0       
   2.8e+03   1.1e+02   0.95      0       
   2.8e+03   1.1e+02   0.95      0       
   2.8e+03   1.1e+02   0.9      -22      
   2.8e+03   1.1e+02   0.9      -22      
   2.8e+03   1.1e+02   0.9      -22      
   2.8e+03   1.1e+02   0.9      -22      
   2.8e+03   1.1e+02   0.9      -22      
   2.8e+03   1.1e+02   0.9      -22      
   2.8e+03   1.1e+02   0.9      -22      
   2.8e+03   1.1e+02   0.9      -22      
   2.8e+03   1.1e+02   0.9      -22      
   2.8e+03   1.1e+02   0.9      -22      
   2.8e+03   1.1e+02   0.9      -22      
   2.8e+03   1.1e+02   0.9      -22      
   2.8e+03   1.1e+02   0.9      -22      
   2.8e+03   1.1e+02   0.9      -22      
   2.8e+03   1.1e+02   0.9      -22      
   2.8e+03   1.1e+02   0.9      -22      
   2.8e+03   1.1e+02   0.95     -20      
   2.8e+03   1.1e+02   0.95     -20      
   2.8e+03   1.1e+02   0.95     -20      
   2.8e+03   1.1e+02   0.95     -20      
   2.8e+03   1.1e+02   0.95     -20      
   2.8e+03   1.1e+02   0.95     -20      
   2.8e+03   1.1e+02   0.95     -20      
   2.8e+03   1.1e+02   0.95     -20      
   2.8e+03   1.1e+02   0.95      0       
   2.8e+03   1.1e+02   0.95      0       
   2.8e+03   1.1e+02   0.95      0       
   2.8e+03   1.1e+02   0.95      0       

EFC_D
   3.8     
   3.8     
   1.2e+07 
   1.2e+07 
   1.2e+07 
   1.2e+07 
   0.23    
   0.23    
   0.23    
   0.23    
   0.23    
   0.23    
   0.23    
   0.23    
   0.23    
   0.23    
   0.23    
   0.23    
   0.23    
   0.23    
   0.23    
   0.23    
   2.3     
   2.3     
   2.3     
   2.3     
   2.3     
   2.3     
   2.3     
   2.3     
   2.4     
   2.4     
   2.4     
   2.4     

EFC_R
   0.27    
   0.27    
   8.4e-08 
   8.4e-08 
   8.4e-08 
   8.4e-08 
   4.4     
   4.4     
   4.4     
   4.4     
   4.4     
   4.4     
   4.4     
   4.4     
   4.4     
   4.4     
   4.4     
   4.4     
   4.4     
   4.4     
   4.4     
   4.4     
   0.43    
   0.43    
   0.43    
   0.43    
   0.43    
   0.43    
   0.43    
   0.43    
   0.42    
   0.42    
   0.42    
   0.42    

ACTUATOR_VELOCITY
   0.051   
  -2.6e-05 
  -3e-05   
  -2.5e-05 
   0.31    
   4.1e-07 
  -0.0025  
   0.0023  

CVEL
   0         0         0         0         0         0       
   0         0         0         0         0         0       
   0         0         0.051     5.6e-05  -0.0034    0       
   2.5e-05  -7.5e-06   0.051     5.5e-05  -0.0034   -5.3e-07 
   5.4e-05  -1.6e-05   0.051     5.7e-05  -0.0034   -1.1e-06 
   7.7e-05  -2.3e-05   0.051     5.9e-05  -0.0034   -1.1e-05 
   0.09      0.3       0.049    -0.082     0.021    -0.022   
   0.09      0.3       0.049    -0.082     0.021    -0.022   
   0.09      0.3       0.049    -0.082     0.021    -0.022   
   0.09      0.3       0.049    -0.084     0.022    -0.023   
   0.09      0.3       0.049    -0.084     0.022    -0.023   
   5.1e-15  -3.6e-14  -4.5e-17  -1.1e-15  -1.5e-16   4.3e-16 

CDOF_DOT
   0         0         0         0         0         0       
  -0.014    -0.049     0        -0.0075    0.0022   -0.0032  
  -0.014    -0.049     8.5e-22   0.013    -0.0039   -0.0033  
  -0.014    -0.049     0         0.013    -0.0039   -0.0033  
  -0.049     0.014     8.1e-05  -0.0039   -0.013     0.001   
  -0.27      0.1      -0.13     -0.095    -0.085     0.15    
   0         0         0         0.14      0.0047   -0.29    
   0         0         0        -0.14     -0.0047    0.29    
   0         0         0         0         0         0       
   0         0         0         0         0         0       
   0         0         0         0         0         0       
   0         0         0         1.5e-16  -1.1e-15  -2.3e-32 
   0        -0         0        -4.2e-16  -5.9e-17  -1.1e-15 
  -0         0         0        -5.9e-17   4.2e-16  -3.7e-19 

QFRC_BIAS
   0.0016  
   4.3     
  -13      
  -0.63    
  -0.28    
  -0.00092 
   0.41    
  -0.41    
   0       
  -4.4e-47 
   0.98    
   1.1e-47 
   5.2e-48 
   1e-48   

QFRC_SPRING
   0       
   0       
   0       
   0       
   0       
   0       
   0       
   0       
   0       
   0       
   0       
   0       
   0       
   0       

QFRC_DAMPER
  -0.25    
   0.00013 
   0.00015 
   0.00012 
  -1.6     
  -2.1e-06 
   0.025   
  -0.023   
   0       
   0       
   0       
   0       
   0       
   0       

QFRC_GRAVCOMP
   0       
   0       
   0       
   0       
   0       
   0       
   0       
   0       
   0       
   0       
   0       
   0       
   0       
   0       

QFRC_FLUID
   0       
   0       
   0       
   0       
   0       
   0       
   0       
   0       
   0       
   0       
   0       
   0       
   0       
   0       

QFRC_PASSIVE
  -0.25    
   0.00013 
   0.00015 
   0.00012 
  -1.6     
  -2.1e-06 
   0.025   
  -0.023   
   0       
   0       
   0       
   0       
   0       
   0       

EFC_VEL
  -0.0025  
   0.0023  
   0       
   0       
   0       
   0       
  -6.7e-16 
  -6.7e-16 
  -6.7e-16 
  -6.7e-16 
  -6.6e-16 
  -6.7e-16 
  -6.7e-16 
  -6.7e-16 
   1.5e-15 
   1.5e-15 
   1.5e-15 
   1.5e-15 
   1.5e-15 
   1.5e-15 
   1.5e-15 
   1.5e-15 
   0.0025  
   0.0019  
   0.00094 
   0.0034  
   0.0025  
   0.0019  
   0.00094 
   0.0034  
  -0.0019  
  -0.002   
  -0.0031  
  -0.00081 

EFC_AREF
   8.3     
   7       
   1.9e+02 
   1.9e+02 
   1.9e+02 
   1.9e+02 
   0.27    
   0.27    
   0.27    
   0.27    
   0.27    
   0.27    
   0.27    
   0.27    
   0.27    
   0.27    
   0.27    
   0.27    
   0.27    
   0.27    
   0.27    
   0.27    
   2.1     
   2.2     
   2.3     
   2       
   2.1     
   2.2     
   2.3     
   2       
   3.2     
   3.3     
   3.4     
   3.1     

SUBTREE_LINVEL
   0         0         0       
   0         0         0       
   0         0         0       
   0         0         0       
   0         0         0       
   0         0         0       
   0         0         0       
   0         0         0       
   0         0         0       
   0         0         0       
   0         0         0       
   0         0         0       

SUBTREE_ANGMOM
   0         0         0       
   0         0         0       
   0         0         0       
   0         0         0       
   0         0         0       
   0         0         0       
   0         0         0       
   0         0         0       
   0         0         0       
   0         0         0       
   0         0         0       
   0         0         0       

ACTUATOR_FORCE
   0.98    
   4.2     
  -13      
  -0.62    
   1.9     
  -0.0018  
   1.6     
   1.3     

QFRC_ACTUATOR
   0.98    
   4.2     
  -13      
  -0.62    
   1.9     
  -0.0018  
   1.6     
   1.3     
   0       
   0       
   0       
   0       
   0       
   0       

QFRC_SMOOTH
   0.72    
  -0.034   
   0.038   
   0.0085  
   0.61    
  -0.00087 
   1.2     
   1.7     
   0       
   4.4e-47 
  -0.98    
  -1.1e-47 
  -5.2e-48 
  -1e-48   

QACC_SMOOTH
   0.39    
   0.014   
  -0.099   
  -0.071   
   5.2     
   0.00083 
   6.3     
   8.2     
   0       
   4.4e-46 
  -9.8     
  -1.1e-43 
  -5.2e-44 
  -1e-44   

EFC_B
  -2       
   1.2     
  -1.9e+02 
  -1.9e+02 
  -1.9e+02 
  -1.9e+02 
  -10      
  -10      
  -10      
  -10      
  -10      
  -10      
  -10      
  -10      
  -10      
  -10      
  -10      
  -10      
  -10      
  -10      
  -10      
  -10      
  -8.3     
  -6.9     
  -4.6     
  -11      
  -8.3     
  -6.9     
  -4.6     
  -11      
  -10      
  -10      
  -15      
  -6       

EFC_FORCE
   31      
   26      
   2.2e+09 
   2.2e+09 
   2.2e+09 
   2.2e+09 
   0.061   
   0.061   
   0.061   
   0.061   
   0.061   
   0.061   
   0.061   
   0.061   
   0.061   
   0.061   
   0.061   
   0.061   
   0.061   
   0.061   
   0.061   
   0.061   
   4.7     
   4.9     
   5.2     
   4.5     
   4.7     
   4.9     
   5.2     
   4.5     
   7.9     
   7.9     
   8.3     
   7.5     

EFC_STATE
  1
  0
  1
  1
  1
  1
  1
  1
  1
  1
  1
  1
  1
  1
  1
  1
  1
  1
  1
  1
  1
  1
  1
  1
  1
  1
  1
  1
  1
  1
  1
  1
  1
  1

QFRC_CONSTRAINT
   0       
   0       
   0       
   0       
   0       
  -6.3e-05 
  -1.3     
  -1.6     
   0       
  -2.1e-17 
   0.98    
   0       
   4.3e-19 
  -2e-18   

QFRC_INVERSE
   0       
   0       
   0       
   0       
   0       
   0       
   0       
   0       
   0       
   0       
   0       
   0       
   0       
   0       

CACC
   0         0         0         0         0         0       
   0         0         0         0         0         0       
   0         0         0         0         0         0       
   0         0         0         0         0         0       
   0         0         0         0         0         0       
   0         0         0         0         0         0       
   0         0         0         0         0         0       
   0         0         0         0         0         0       
   0         0         0         0         0         0       
   0         0         0         0         0         0       
   0         0         0         0         0         0       
   0         0         0         0         0         0       

CFRC_INT
   0         0         0         0         0         0       
   0         0         0         0         0         0       
   0         0         0         0         0         0       
   0         0         0         0         0         0       
   0         0         0         0         0         0       
   0         0         0         0         0         0       
   0         0         0         0         0         0       
   0         0         0         0         0         0       
   0         0         0         0         0         0       
   0         0         0         0         0         0       
   0         0         0         0         0         0       
   0         0         0         0         0         0       

CFRC_EXT
   0         0         0         0         0         0       
   0         0         0         0         0         0       
   0         0         0         0         0         0       
   0         0         0         0         0         0       
   0         0         0         0         0         0       
   0         0         0         0         0         0       
   0         0         0         0         0         0       
   0         0         0         0         0         0       
   0         0         0         0         0         0       
   0         0         0         0         0         0       
   0         0         0         0         0         0       
   0         0         0         0         0         0       

TREE_ISLAND
  0 1

ISLAND_NTREE
  1 1

ISLAND_ITREEADR
  0 1

MAP_ITREE2TREE
  0 1

DOF_ISLAND            0 0 0 0 0 0 0 0 1 1 1 1 1 1

ISLAND_NV             8 6

ISLAND_IDOFADR        0 8

MAP_IDOF2DOF          0 1 2 3 4 5 6 7 | 8 9 10 11 12 13

EFC_ISLAND            0 0 0 0 0 0 1 1 1 1 1 1 1 1 1 1 1 1 1 1 1 1 0 0 0 0 0 0 0 0 0 0 0 0

ISLAND_NEFC           18 16

ISLAND_IEFCADR        0 18

MAP_IEFC2EFC          0 1 2 3 4 5 22 23 24 25 26 27 28 29 30 31 32 33 | 6 7 8 9 10 11 12 13 14 15 16 17 18 19 20 21

